Sref = 31.500000 
Cref = 3.500000 
Bref = 9.000000 
X_cg = 0.000000 
Y_cg = 0.000000 
Z_cg = 0.000000 
Mach = 0.000000 
AoA = 0.000000 
Beta = 0.000000 
Vinf = 100.000000 
Rho = 0.002377 
ReCref = 10000000.000000 
ClMax = -1.000000 
MaxTurningAngle = -1.000000 
Symmetry = Y 
FarDist = -1.000000 
NumWakeNodes = 64 
WakeIters = 9 
NumberOfControlGroups = 0 
Preconditioner = Matrix 
Karman-Tsien Correction = N 
Stability Type = 0 
